3 0.9999473 265 476 295 510
3 0.9993679 152 364 181 405
3 0.99808794 155 264 184 303
3 0.99623114 126 305 167 357
3 0.9960373 290 390 337 450
3 0.99580127 297 145 329 190
3 0.99573994 377 278 424 339
3 0.99537814 232 225 272 271
3 0.99450856 328 247 361 290
3 0.99444735 356 67 388 111
3 0.9935749 197 266 239 315
3 0.99345654 390 13 433 68
3 0.9931364 297 67 329 112
3 0.99304163 297 287 331 331
3 0.9905696 369 435 444 511
3 0.9901862 334 333 384 394
3 0.9885393 98 352 135 401
3 0.98799175 224 449 240 472
3 0.98781335 274 328 300 364
3 0.984162 451 321 510 440
3 0.9806131 327 29 360 71
3 0.97706896 241 144 271 189
3 0.97706544 268 105 302 152
3 0.97478414 254 360 277 390
3 0.9730397 278 196 305 235
3 0.9600885 211 185 240 224
3 0.9518654 360 207 391 251
3 0.95169985 326 105 360 151
3 0.94808066 185 217 214 257
3 0.9252017 131 397 159 440
3 0.627395 240 429 258 453
3 0.5871435 208 470 225 495
