2 0.9999795 16 45 44 83
2 0.9999155 367 415 395 451
2 0.99973124 85 455 112 491
2 0.9995166 295 317 325 354
2 0.9994802 375 125 403 160
2 0.99937147 107 35 131 66
2 0.9993642 213 333 242 369
2 0.9981863 148 225 182 268
2 0.99542516 461 103 493 143
2 0.9944746 269 427 300 469
2 0.99345315 200 13 230 53
2 0.99325776 269 127 292 157
2 0.99231064 439 209 464 242
2 0.99079156 304 8 336 50
2 0.9858326 250 220 282 260
2 0.9776503 181 132 208 166
2 0.9741304 25 341 55 379
2 0.97277933 57 237 92 286
2 0.96527904 348 205 381 250
2 0.94895655 411 11 442 48
2 0.9428503 111 331 151 385
2 0.93577886 406 304 441 350
2 0.8292987 83 132 119 184
