3 0.9977837 172 346 198 380
3 0.99767286 220 330 247 366
3 0.9975132 18 218 60 270
3 0.99709153 2 413 41 466
3 0.9964644 297 400 356 474
3 0.99468493 77 270 118 325
3 0.9946609 34 336 82 399
3 0.9941486 200 371 225 406
3 0.99321234 154 414 183 451
3 0.9932104 50 156 92 211
3 0.99312603 131 458 160 497
3 0.9926137 423 280 466 332
3 0.9926002 384 241 418 287
3 0.9923537 110 212 151 262
3 0.99100906 147 154 178 196
3 0.98266035 113 121 145 163
3 0.9801838 192 303 220 338
3 0.77001154 0 285 22 321
3 0.74642015 257 482 304 512
3 0.73529583 0 281 27 345
3 0.56315714 381 490 468 511
