3 0.9999083 47 418 123 511
3 0.99972504 107 206 189 307
3 0.9996414 175 81 257 175
3 0.999338 273 169 353 271
3 0.9981768 204 298 282 403
3 0.9964451 107 1 136 30
3 0.9962657 422 405 453 446
3 0.9962643 330 469 360 508
3 0.99371475 394 456 425 496
3 0.9919601 420 291 446 326
3 0.9912457 12 156 52 207
3 0.9904771 354 418 386 461
3 0.99023306 50 99 79 141
3 0.98929906 255 1 313 48
3 0.98919475 443 251 468 285
3 0.98556805 378 372 404 407
3 0.9821959 399 331 425 366
3 0.9784984 352 62 411 140
3 0.96276104 80 43 110 85
3 0.9383827 391 0 455 56
