3 0.9984255 273 328 300 366
3 0.99705446 254 360 277 390
3 0.99512225 298 140 330 196
3 0.99502337 155 261 187 305
3 0.986767 292 387 340 452
3 0.982525 150 366 180 405
3 0.9707883 391 12 435 72
3 0.9707125 321 26 360 80
3 0.9591756 265 477 292 512
3 0.9492949 297 63 330 117
3 0.94534355 333 336 383 403
3 0.9381396 221 450 241 476
3 0.92136335 369 430 453 512
3 0.91836995 237 220 273 270
3 0.8772248 325 247 358 290
3 0.84499425 300 285 327 327
3 0.820033 451 325 512 430
3 0.7630859 124 303 169 360
3 0.76045483 94 351 140 407
3 0.73549736 198 266 241 321
3 0.72332203 290 283 334 340
3 0.65020746 355 64 387 113
3 0.6498264 356 204 391 249
3 0.61676323 379 281 424 347
3 0.61540294 238 427 254 455
3 0.5643348 209 470 228 497
3 0.53011096 276 194 304 231
