2 0.99874437 267 465 295 509
2 0.991768 298 373 325 413
2 0.98790133 383 336 427 388
2 0.9555179 321 232 349 271
2 0.9498598 454 430 498 490
2 0.9472569 419 244 462 292
2 0.9011538 281 32 309 71
2 0.8913839 366 465 394 504
2 0.8402828 463 436 491 474
2 0.8387371 312 230 363 297
2 0.82865936 420 0 452 41
2 0.81039894 371 442 389 466
2 0.8071694 335 15 362 54
2 0.7997089 454 0 483 36
2 0.7842952 359 443 401 500
2 0.7354219 485 329 509 365
2 0.6943431 427 247 451 280
2 0.6809328 122 2 294 93
2 0.6685608 289 369 332 420
2 0.6337601 320 246 354 288
2 0.577372 0 248 28 289
2 0.56859607 387 1 420 49
2 0.53508383 481 330 512 386
2 0.52598184 391 333 421 374
