2 0.9945503 179 445 209 484
2 0.9914818 403 8 440 57
2 0.99137235 247 221 284 264
2 0.9890498 368 418 395 455
2 0.98807377 457 107 494 151
2 0.98503786 300 12 335 57
2 0.9830232 54 242 96 291
2 0.9817456 143 227 186 279
2 0.9769636 408 313 443 352
2 0.9708036 83 143 118 185
2 0.96980155 441 210 466 245
2 0.9554569 111 339 152 388
2 0.9461775 23 49 43 73
2 0.9201443 110 40 130 68
2 0.9168502 296 321 326 356
2 0.9094846 88 459 113 492
2 0.9062085 24 345 54 383
2 0.88639534 209 342 243 382
2 0.8840509 269 127 293 160
2 0.8412028 184 133 208 168
2 0.7670213 196 12 238 64
2 0.684833 350 212 382 249
2 0.68429387 211 14 230 41
2 0.6825232 224 337 242 359
2 0.6662176 374 129 402 164
2 0.6352249 19 356 52 399
2 0.59584945 13 342 60 405
2 0.5855793 17 48 46 83
2 0.55992 426 305 444 326
2 0.55527246 362 210 381 233
2 0.5199377 305 322 325 347
2 0.51101714 120 331 155 370
2 0.5052251 274 427 301 462
