1 0.9987845 79 38 134 115
1 0.99876595 287 104 336 169
1 0.9930975 292 347 332 403
1 0.99078864 442 421 476 461
1 0.9890085 276 404 315 454
1 0.9866955 126 297 159 339
1 0.9808009 422 73 476 142
1 0.9806795 125 346 163 392
1 0.9766616 121 204 169 265
1 0.9643631 426 305 472 364
1 0.9401599 0 394 44 469
1 0.93339723 125 86 168 143
1 0.925682 18 37 73 111
1 0.90093553 0 131 41 208
1 0.89952666 142 416 177 454
1 0.8852624 124 141 173 199
1 0.82900256 0 254 41 349
1 0.65451705 315 92 430 243
1 0.61868715 280 249 337 325
1 0.61208147 433 323 466 360
1 0.5280846 287 358 321 398
1 0.5213839 338 94 419 199
