3 0.99982554 106 199 194 309
3 0.99860126 46 412 125 507
3 0.99721897 177 68 259 187
3 0.99619895 77 45 108 85
3 0.9952226 421 401 453 445
3 0.9950734 266 165 352 269
3 0.99465454 353 63 405 142
3 0.9804208 386 0 453 59
3 0.97929376 252 0 311 47
3 0.9734167 420 294 448 328
3 0.9706975 109 2 134 28
3 0.9654857 49 101 82 143
3 0.95942074 11 154 57 214
3 0.95679593 399 334 425 365
3 0.94017637 441 252 469 288
3 0.8798659 395 457 427 498
3 0.8633253 352 409 388 463
3 0.77333933 208 295 287 406
3 0.6881782 377 372 402 406
3 0.6361031 331 464 360 507
