3 0.99903995 383 233 419 290
3 0.99623173 20 221 61 273
3 0.99440914 51 157 92 212
3 0.9933918 297 393 355 476
3 0.9907618 113 120 143 164
3 0.98724514 129 458 162 500
3 0.98057234 74 266 120 328
3 0.9758916 219 328 247 367
3 0.9702838 154 411 187 458
3 0.9601155 34 333 84 403
3 0.9597302 425 279 461 330
3 0.955701 2 413 43 466
3 0.95018226 110 206 151 268
3 0.9436341 170 344 199 384
3 0.9311259 197 369 226 406
3 0.9126251 191 302 221 340
3 0.8973057 390 489 463 512
3 0.82590514 148 152 178 197
