3 566 -25 616 26 
3 511 35 565 89 
3 465 79 519 133 
3 418 123 474 179 
3 371 169 428 226 
3 325 216 379 270 
3 286 256 338 308 
3 244 309 292 357 
3 196 357 259 420 
3 152 412 210 470 
3 611 14 680 83 
3 553 79 608 134 
3 509 126 563 180 
3 465 170 518 223 
3 436 232 476 272 
3 374 262 432 320 
3 319 308 383 372 
3 236 427 285 476 
3 201 467 249 515 
3 321 551 353 583 
3 349 527 378 556 
3 373 503 402 532 
3 397 421 434 458 
3 428 385 471 428 
3 463 335 520 392 
3 510 289 567 346 
3 558 242 614 298 
3 739 40 888 189 
3 699 377 839 517 
3 575 508 709 642 
3 588 324 665 401 
3 522 390 598 466 
3 459 455 533 529 
3 416 559 463 606 
